16	16	8	1.79332
32	16	8	3.56168
48	16	8	3.87731
64	16	8	2.55184
80	16	8	5.17619
96	16	8	5.22804
112	16	8	3.21621
128	16	8	5.70121
144	16	8	5.66776
160	16	8	6.32208
176	16	8	4.06754
192	16	8	7.76254
208	16	8	7.57185
224	16	8	7.98001
240	16	8	8.14431
256	16	8	9.70747
272	16	8	9.83843
288	16	8	9.62767
304	16	8	10.2579
320	16	8	10.5682
336	16	8	10.9719
352	16	8	6.55456
368	16	8	11.4784
384	16	8	6.8734
400	16	8	12.4114
416	16	8	7.39751
432	16	8	13.492
448	16	8	15.4855
464	16	8	13.7723
480	16	8	15.0845
496	16	8	14.1466
512	16	8	8.55524
528	16	8	16.6263
544	16	8	15.6482
560	16	8	13.8154
576	16	8	16.5168
592	16	8	17.2527
608	16	8	18.4558
624	16	8	16.7169
640	16	8	18.3939
656	16	8	17.9041
672	16	8	10.848
688	16	8	11.276
704	16	8	11.2855
720	16	8	20.7276
736	16	8	20.2429
752	16	8	12.1639
768	16	8	12.4811
784	16	8	22.0601
800	16	8	12.7547
816	16	8	22.0184
832	16	8	23.3755
848	16	8	23.4458
864	16	8	24.0804
880	16	8	13.6277
896	16	8	24.5464
912	16	8	24.0177
928	16	8	28.6431
944	16	8	14.5537
960	16	8	25.7254
976	16	8	15.0028
992	16	8	26.8614
1008	16	8	28.0602
1024	16	8	18.3314
1040	16	8	28.6507
1056	16	8	16.2007
1072	16	8	29.6801
1088	16	8	30.4099
1104	16	8	16.8961
1120	16	8	31.6124
1136	16	8	31.6314
1152	16	8	31.2037
1168	16	8	17.8726
1184	16	8	17.8914
1200	16	8	30.7868
1216	16	8	40.9541
1232	16	8	32.3253
1248	16	8	18.7163
1264	16	8	37.3829
1280	16	8	32.1413
1296	16	8	33.0064
1312	16	8	19.9316
1328	16	8	21.2411
1344	16	8	19.9816
1360	16	8	37.304
1376	16	8	37.118
1392	16	8	35.1772
1408	16	8	21.2454
1424	16	8	21.1488
1440	16	8	38.0359
1456	16	8	38.0087
1472	16	8	25.1071
1488	16	8	35.3154
1504	16	8	40.7924
1520	16	8	47.462
1536	16	8	22.6078
1552	16	8	23.1789
1568	16	8	38.6294
1584	16	8	44.2501
1600	16	8	42.3549
