32	32	8	8.5057
64	32	8	9.90966
96	32	8	11.2273
128	32	8	15.1461
160	32	8	17.6792
192	32	8	13.7416
224	32	8	11.6139
256	32	8	12.7833
288	32	8	14.2936
320	32	8	14.4082
352	32	8	16.2375
384	32	8	16.792
416	32	8	26.955
448	32	8	18.6102
480	32	8	19.7408
512	32	8	24.4894
544	32	8	17.1492
576	32	8	20.0639
608	32	8	25.2338
640	32	8	25.5941
672	32	8	20.5544
704	32	8	24.1112
736	32	8	25.2968
768	32	8	23.8287
800	32	8	34.1803
832	32	8	23.5348
864	32	8	24.5432
896	32	8	34.4182
928	32	8	39.3978
960	32	8	41.93
992	32	8	30.6559
1024	32	8	28.2929
1056	32	8	35.7279
1088	32	8	40.6205
1120	32	8	53.9637
1152	32	8	30.5963
1184	32	8	41.573
1216	32	8	34.1284
1248	32	8	40.2822
1280	32	8	45.6988
1312	32	8	40.0049
1344	32	8	40.7222
1376	32	8	34.0709
1408	32	8	40.1892
1440	32	8	48.3193
1472	32	8	58.3876
1504	32	8	41.9506
1536	32	8	42.8559
1568	32	8	47.6406
1600	32	8	43.9503
1632	32	8	44.638
1664	32	8	59.8431
1696	32	8	48.7852
1728	32	8	43.4509
1760	32	8	44.6548
1792	32	8	49.2606
1824	32	8	46.6959
1856	32	8	69.8815
1888	32	8	52.3512
1920	32	8	46.9954
1952	32	8	50.1202
1984	32	8	56.1581
2016	32	8	56.0403
2048	32	8	71.6682
2080	32	8	70.6897
2112	32	8	67.8951
2144	32	8	63.0978
2176	32	8	67.9035
2208	32	8	74.1668
2240	32	8	65.8755
2272	32	8	57.8404
2304	32	8	61.1059
2336	32	8	62.3413
2368	32	8	73.1722
2400	32	8	64.1868
2432	32	8	76.2843
2464	32	8	61.7851
2496	32	8	66.4582
2528	32	8	83.0892
2560	32	8	71.0428
2592	32	8	59.732
2624	32	8	70.8064
2656	32	8	71.1105
2688	32	8	70.2807
2720	32	8	96.8694
2752	32	8	71.0028
2784	32	8	74.6696
2816	32	8	62.0961
2848	32	8	71.7204
2880	32	8	71.5168
2912	32	8	70.3841
2944	32	8	72.6854
2976	32	8	76.6864
3008	32	8	86.3726
3040	32	8	90.1282
3072	32	8	92.5402
3104	32	8	80.8717
3136	32	8	87.6365
3168	32	8	88.3102
3200	32	8	87.0615
