8	8	8	0.930563
16	8	8	1.04974
24	8	8	1.17924
32	8	8	1.77533
40	8	8	1.4099
48	8	8	1.54457
56	8	8	1.6733
64	8	8	1.78204
72	8	8	1.89455
80	8	8	2.01906
88	8	8	2.12403
96	8	8	2.23571
104	8	8	2.35277
112	8	8	2.44294
120	8	8	2.5815
128	8	8	2.73933
136	8	8	2.83702
144	8	8	2.90771
152	8	8	3.06766
160	8	8	3.15917
168	8	8	3.69945
176	8	8	3.38522
184	8	8	3.49364
192	8	8	3.61563
200	8	8	3.72132
208	8	8	3.82961
216	8	8	6.18768
224	8	8	5.71706
232	8	8	4.15986
240	8	8	4.28759
248	8	8	4.41201
256	8	8	4.51718
264	8	8	4.65124
272	8	8	4.75291
280	8	8	4.84979
288	8	8	4.97577
296	8	8	5.07663
304	8	8	5.21509
312	8	8	5.28454
320	8	8	5.45164
328	8	8	5.51902
336	8	8	5.63187
344	8	8	5.75606
352	8	8	5.86235
360	8	8	5.96447
368	8	8	6.08743
376	8	8	6.19877
384	8	8	6.34304
392	8	8	6.42572
400	8	8	6.52116
408	8	8	6.6613
416	8	8	6.76655
424	8	8	6.86167
432	8	8	6.96811
440	8	8	7.12166
448	8	8	7.21191
456	8	8	7.31771
464	8	8	7.4428
472	8	8	7.58946
480	8	8	7.70159
488	8	8	7.78905
496	8	8	7.91897
504	8	8	8.10447
512	8	8	8.15605
520	8	8	8.3266
528	8	8	8.43392
536	8	8	8.53715
544	8	8	8.65381
552	8	8	8.78067
560	8	8	8.8765
568	8	8	9.0054
576	8	8	9.09876
584	8	8	9.20843
592	8	8	9.32706
600	8	8	9.42413
608	8	8	9.54816
616	8	8	9.64317
624	8	8	9.7647
632	8	8	9.91057
640	8	8	9.99147
648	8	8	10.113
656	8	8	10.2248
664	8	8	10.3641
672	8	8	10.4775
680	8	8	10.596
688	8	8	10.6415
696	8	8	10.793
704	8	8	10.8973
712	8	8	11.018
720	8	8	11.1334
728	8	8	12.6424
736	8	8	11.4521
744	8	8	11.5076
752	8	8	11.6337
760	8	8	11.7261
768	8	8	11.7864
776	8	8	11.891
784	8	8	12.1212
792	8	8	12.1814
800	8	8	12.277
